City ID,City,Cloudiness,Country,Date,Humidity,Latitude,Longitude,Max Temperature,Wind Speed
6167817,Torbay,20,CA,1595203233,60,47.67,-52.73,293.15,6.2
1082243,Ambilobe,15,MG,1595203193,71,-13.2,49.05,291.7,2.36
1649150,Bengkulu,40,ID,1595203233,90,-3.8,102.27,297.46,2.17
2208248,Kaitangata,98,NZ,1595203115,76,-46.28,169.85,278.71,0.89
4030556,Rikitea,45,PF,1595202890,62,-23.12,-134.97,293.53,4.93
2074865,Carnarvon,0,AU,1595203212,87,-24.87,113.63,282.15,4.1
5866583,Saint Paul Harbor,90,US,1595203090,82,57.79,-152.41,288.15,5.1
1486321,Yar-Sale,0,RU,1595203233,77,66.83,70.83,283.66,3.94
5848280,Kapaa,75,US,1595203173,74,22.08,-159.32,302.59,7.2
5880054,Barrow,75,US,1595202964,78,71.29,-156.79,277.15,5.7
3369157,Cape Town,75,ZA,1595202486,93,-33.93,18.42,288.15,4.1
5563839,Fortuna,20,US,1595203108,77,40.6,-124.16,290.15,6.2
2034228,Wangkui,100,CN,1595203234,95,46.83,126.5,292.17,1.81
964432,Port Alfred,0,ZA,1595203116,62,-33.59,26.89,288.85,2.93
5855927,Hilo,75,US,1595203107,69,19.73,-155.09,301.15,6.7
5946820,Edson,1,CA,1595203185,55,53.58,-116.44,291.15,6.7
2023286,Kalga,21,RU,1595203234,84,50.93,118.9,286.95,4.09
3874787,Punta Arenas,63,CL,1595202998,69,-53.15,-70.92,274.82,2.68
695082,Ruzhyn,38,UA,1595203234,85,49.72,29.2,288.57,2.04
189741,Lamu,37,KE,1595202717,74,-2.27,40.9,297.45,7.39
5861897,Fairbanks,40,US,1595203152,52,64.84,-147.72,295.93,2.1
3833367,Ushuaia,0,AR,1595203076,92,-54.8,-68.3,271.15,3.1
6201424,Mataura,92,NZ,1595203235,83,-46.19,168.86,277.04,1.34
5924351,Clyde River,20,CA,1595203235,81,70.47,-68.59,280.15,3.6
3382160,Cayenne,88,GF,1595203125,83,4.93,-52.33,300.15,1.5
3366880,Hermanus,3,ZA,1595203235,95,-34.42,19.23,284.82,0.89
2132606,Samarai,100,PG,1595203235,86,-10.62,150.67,297.7,6.64
5746545,Portland,20,US,1595203117,33,45.52,-122.68,305.93,3.6
3441890,Departamento de Maldonado,83,UY,1595203230,88,-34.67,-54.92,292.15,1.5
2022064,Kirovskiy,100,RU,1595203236,91,45.09,133.51,291.31,2.31
2015306,Tiksi,14,RU,1595203113,54,71.69,128.87,290.43,4.49
142554,Hashtrūd,2,IR,1595203236,49,37.48,47.05,294.56,1.07
6111862,Port Hardy,20,CA,1595203166,63,50.7,-127.42,292.15,9.8
3515397,Tlanchinol,63,MX,1595203236,74,20.98,-98.65,296.23,1.39
3831208,Qaanaaq,98,GL,1595203079,69,77.48,-69.36,281.87,1.02
2075265,Busselton,36,AU,1595202899,79,-33.65,115.33,281.48,3.45
2180815,Tuatapere,96,NZ,1595203170,83,-46.13,167.68,277.04,1.34
2112309,Katsuura,75,JP,1595203171,94,35.13,140.3,299.82,1.5
1819729,Hong Kong,100,HK,1595203025,83,22.29,114.16,302.04,2.24
4032243,Vaini,90,TO,1595202899,100,-21.2,-175.2,293.15,4.1
878549,Zvishavane,0,ZW,1595203237,74,-20.33,30.07,281.93,0.63
2206939,Bluff,75,NZ,1595203075,83,-46.6,168.33,277.04,1.34
2071860,Esperance,90,AU,1595203118,76,-33.87,121.9,283.15,1.5
935214,Saint-Pierre,40,RE,1595203238,72,-21.34,55.48,290.15,4.1
5106841,Albany,59,US,1595203160,56,42.6,-73.97,304.26,2.07
1651810,Airai,17,TL,1595203190,52,-8.93,125.41,290.7,1.35
986717,Kruisfontein,0,ZA,1595203238,39,-34.0,24.73,284.95,2.72
2163355,Hobart,40,AU,1595202913,70,-42.88,147.33,281.15,6.2
4362001,Mayo,1,US,1595203238,66,38.89,-76.51,305.15,5.1
1855540,Naze,75,JP,1595203116,79,28.37,129.48,303.15,5.7
2136825,Isangel,40,VU,1595202869,73,-19.55,169.27,297.15,2.6
2161376,Kingaroy,0,AU,1595203238,58,-26.53,151.83,292.04,1.0
601551,Akdepe,0,TM,1595203238,42,42.06,59.38,300.15,2.1
6185377,Yellowknife,40,CA,1595202996,49,62.46,-114.35,297.59,3.6
2522091,Alcúdia,0,ES,1595203239,73,39.85,3.12,295.37,2.6
1508260,Novobirilyussy,72,RU,1595203239,72,56.95,90.67,288.25,2.31
3985710,Cabo San Lucas,20,MX,1595202952,38,22.89,-109.91,308.71,9.8
4035715,Avarua,81,CK,1595203173,88,-21.21,-159.78,296.15,6.2
1254046,Tura,100,IN,1595203239,99,25.52,90.22,296.38,3.38
5380420,Pacifica,90,US,1595203239,82,37.61,-122.49,294.26,2.6
2017155,Saskylakh,31,RU,1595203119,62,71.92,114.08,288.43,4.76
3652764,Puerto Ayora,92,EC,1595203161,90,-0.74,-90.35,294.26,2.68
286621,Salalah,75,OM,1595203240,94,17.02,54.09,299.15,1.0
3064379,Tábor,33,CZ,1595203240,70,49.41,14.66,288.15,1.6
2070998,Geraldton,0,AU,1595203195,87,-28.77,114.6,281.15,3.6
3838859,Río Gallegos,20,AR,1595202960,92,-51.62,-69.22,272.15,2.1
3704029,Mulatupo,68,PA,1595203240,86,8.95,-77.77,299.95,2.52
935215,Saint-Philippe,40,RE,1595203076,72,-21.36,55.77,291.15,4.1
2618795,Klaksvík,98,FO,1595203075,87,62.23,-6.59,283.15,4.1
2319133,Warri,100,NG,1595203240,93,5.52,5.75,297.04,0.85
2064735,Nhulunbuy,15,AU,1595203241,51,-12.23,136.77,300.15,6.7
2126123,Chokurdakh,73,RU,1595203106,43,70.63,147.92,296.42,8.05
1684803,Tabuk,11,PH,1595203241,75,17.42,121.44,300.03,2.1
3887127,Iquique,90,CL,1595203241,72,-20.22,-70.14,288.15,4.1
5282297,Bethel,1,US,1595203086,62,41.37,-73.41,302.15,4.6
6165406,Thompson,75,CA,1595203104,44,55.74,-97.86,297.15,2.1
2312895,Mbandaka,97,CD,1595203241,93,0.05,18.26,294.05,1.23
1006984,East London,0,ZA,1595203072,52,-33.02,27.91,288.45,2.75
6170031,Tuktoyaktuk,40,CA,1595203160,75,69.45,-133.04,281.15,2.1
2015701,Taksimo,100,RU,1595203241,88,56.34,114.88,283.39,2.04
935255,Sainte-Marie,20,RE,1595203242,63,-20.9,55.55,291.15,3.1
588627,Sonda,84,EE,1595203242,70,59.34,26.84,288.36,1.22
5983607,Inuvik,75,CA,1595203242,76,68.35,-133.72,282.15,2.6
2986626,Plouzané,75,FR,1595203242,93,48.38,-4.62,288.15,3.1
3466704,Castro,18,BR,1595203177,91,-24.79,-50.01,287.18,1.7
554397,Kalach-na-Donu,1,RU,1595203242,46,48.69,43.53,294.15,5.0
1633419,Padang,40,ID,1595203127,100,-0.95,100.35,296.15,0.5
6355222,Yulara,90,AU,1595203242,71,-25.24,130.99,285.15,3.6
5546220,Saint George,1,US,1595203121,7,37.1,-113.58,314.26,7.2
4031574,Provideniya,75,RU,1595203168,71,64.38,-173.3,285.15,6.0
3664980,Boa Vista,40,BR,1595203243,83,2.82,-60.67,299.15,1.0
2015352,Terney,89,RU,1595203243,65,45.05,136.61,294.0,2.34
5718601,Central Point,1,US,1595203243,16,42.38,-122.92,310.37,6.7
3386177,Trairi,35,BR,1595203172,79,-3.28,-39.27,298.25,4.47
777019,Vardø,100,NO,1595203243,94,70.37,31.11,285.03,5.12
2012530,Zhigansk,100,RU,1595203245,62,66.77,123.37,290.67,2.73
1015776,Bredasdorp,6,ZA,1595202999,93,-34.53,20.04,287.15,0.5
5367788,Lompoc,5,US,1595203191,64,34.64,-120.46,293.71,8.2
1712961,Gigmoto,87,PH,1595203245,80,13.78,124.39,301.2,2.63
3414079,Olafsvik,31,IS,1595203186,79,64.89,-23.71,282.15,3.6
1735086,Nibong Tebal,40,MY,1595203245,94,5.17,100.48,299.15,1.5
3420846,Qaqortoq,20,GL,1595203187,44,60.72,-46.03,287.15,3.6
57000,Hobyo,86,SO,1595203245,73,5.35,48.53,298.13,10.01
3421765,Nanortalik,2,GL,1595203246,74,60.14,-45.24,282.23,2.88
2729907,Longyearbyen,75,SJ,1595203246,87,78.22,15.64,280.15,5.7
3453060,Pontes e Lacerda,1,BR,1595203200,46,-15.23,-59.34,298.47,1.39
1504075,Kazachinskoye,99,RU,1595203246,72,57.7,93.28,287.22,1.44
1847947,Shingū,75,JP,1595203246,94,33.73,135.98,299.15,1.5
6050416,La Tuque,83,CA,1595202966,95,47.43,-72.78,295.55,3.11
1223738,Weligama,91,LK,1595203246,88,5.97,80.42,298.72,3.45
2094027,Kieta,0,PG,1595203246,64,-6.22,155.63,302.77,2.51
3175096,Laas,20,IT,1595203246,82,46.62,10.7,288.15,1.5
3946985,Caracollo,100,PE,1595203247,42,-14.92,-70.66,281.49,2.45
1067565,Beloha,0,MG,1595203247,81,-25.17,45.05,288.94,4.47
934322,Mahébourg,40,MU,1595203184,88,-20.41,57.7,292.15,2.6
2961461,Skerries,0,IE,1595203247,81,53.58,-6.11,284.26,3.6
3171058,Piacenza,2,IT,1595202989,60,45.05,9.7,294.82,0.3
2121385,Severo-Kuril'sk,100,RU,1595203228,87,50.68,156.12,284.22,5.52
4013679,Coahuayana Viejo,90,MX,1595203181,83,18.73,-103.68,295.15,10.3
3115824,Muros,1,ES,1595203247,82,42.78,-9.06,292.59,5.36
1648082,Boyolangu,44,ID,1595203247,87,-8.12,111.89,297.4,2.55
1337612,Dhidhdhoo,100,MV,1595203248,81,6.88,73.1,300.73,11.33
3698359,Chicama,7,PE,1595203248,79,-7.84,-79.15,289.91,2.82
1791779,Wanning,100,CN,1595203248,76,18.8,110.4,302.26,5.49
964420,Port Elizabeth,0,ZA,1595203248,93,-33.92,25.57,285.15,1.5
2112802,Hasaki,75,JP,1595203116,94,35.73,140.83,299.26,3.1
4036284,Alofi,96,NU,1595203093,74,-19.06,-169.92,300.15,4.6
787857,Mokrin,70,RS,1595203248,94,45.94,20.41,288.23,1.22
3443061,Chui,96,UY,1595203177,84,-33.7,-53.46,292.25,3.28
3687238,Cartagena,40,CO,1595203213,79,10.4,-75.51,303.15,6.2
2094342,Kavieng,25,PG,1595203082,72,-2.57,150.8,302.13,4.96
3492985,Santa Cruz de Barahona,75,DO,1595203249,74,18.21,-71.1,302.15,6.2
3372707,Ribeira Grande,72,PT,1595203200,76,38.52,-28.7,293.81,1.58
3372964,Lagoa,27,PT,1595203167,79,39.05,-27.98,293.7,2.34
1848976,Wajima,75,JP,1595203249,88,37.4,136.9,297.15,1.5
5882953,Aklavik,75,CA,1595203224,76,68.22,-135.01,282.15,2.6
2028164,Deputatsky,100,RU,1595203222,62,69.3,139.9,289.53,1.31
5127835,Mount Vernon,40,US,1595203250,62,40.91,-73.84,306.48,4.1
1106677,Bambous Virieux,40,MU,1595203069,88,-20.34,57.76,292.59,2.6
5364022,La Palma,20,US,1595203250,39,33.85,-118.05,303.15,5.7
3792394,Mapiripán,57,CO,1595203250,92,2.89,-72.13,297.05,1.63
4020109,Atuona,24,PF,1595203077,74,-9.8,-139.03,299.56,6.49
2110227,Butaritari,63,KI,1595203192,76,3.07,172.79,301.89,7.01
1507390,Dikson,100,RU,1595203187,95,73.51,80.55,278.2,4.9
2126710,Beringovskiy,60,RU,1595203226,76,63.05,179.32,280.44,6.78
1024552,Xai-Xai,1,MZ,1595203250,86,-25.05,33.64,289.0,1.66
361058,Alexandria,0,EG,1595202683,78,31.22,29.96,298.15,5.1
2281120,Tabou,83,CI,1595203251,91,4.42,-7.35,297.24,3.72
4787440,Staunton,1,US,1595203046,49,38.15,-79.07,305.15,1.5
2122605,Okhotsk,74,RU,1595203251,81,59.38,143.3,289.15,3.21
546105,Nikolskoye,16,RU,1595203219,82,59.7,30.79,289.26,2.0
5122534,Jamestown,90,US,1595203175,100,42.1,-79.24,295.93,6.2
2319078,Wawa,91,NG,1595203251,92,9.9,4.42,296.07,1.1
3355672,Lüderitz,0,NA,1595203201,27,-26.65,15.16,294.15,5.1
3424607,Tasiilaq,0,GL,1595203071,81,65.61,-37.64,282.15,2.6
4792522,Waynesboro,1,US,1595202982,49,38.07,-78.89,305.15,1.5
2264557,Ponta do Sol,20,PT,1595203073,60,32.67,-17.1,296.15,6.2
3984997,San Quintín,0,MX,1595203113,53,30.48,-115.95,298.41,8.62
4969398,Lewiston,1,US,1595202967,66,44.1,-70.21,302.15,4.1
616072,Voskevan,0,AM,1595203252,65,41.12,45.07,299.15,2.14
3130124,Amurrio,20,ES,1595203252,88,43.05,-3.0,295.37,2.6
3403687,Camocim,39,BR,1595203252,75,-2.9,-40.84,298.47,5.91
2641434,Northam,0,GB,1595203253,89,51.03,-4.22,287.59,0.45
2686469,Örnsköldsvik,87,SE,1595203253,100,63.29,18.72,286.15,0.5
3465342,Corumbá,0,BR,1595203253,44,-19.01,-57.65,297.96,1.25
1177446,Gwadar,43,PK,1595203253,84,25.12,62.33,302.41,2.57
1337240,Nawābganj,100,BD,1595203253,90,24.59,88.27,300.06,4.24
5601615,Mountain Home,1,US,1595203253,12,43.13,-115.69,307.15,7.2
1855612,Nara,97,JP,1595203253,74,34.69,135.8,303.15,0.5
2128975,Nemuro,40,JP,1595203254,83,43.32,145.57,294.15,2.6
4021858,Guerrero Negro,4,MX,1595203075,68,27.98,-114.06,297.31,8.19
648090,Lieksa,34,FI,1595203254,76,63.32,30.02,289.81,0.47
3470137,Belmonte,75,BR,1595203254,94,-15.86,-38.88,294.15,1.5
64013,Bosaso,84,SO,1595203254,44,11.28,49.18,303.71,11.46
3430863,Mar del Plata,75,AR,1595203200,93,-38.0,-57.56,284.26,5.7
1791464,Wenling,95,CN,1595203254,53,28.37,121.36,303.15,5.87
3421193,Paamiut,94,GL,1595203254,79,61.99,-49.67,281.74,1.23
1254832,Tawang Town,100,IN,1595203254,79,27.58,91.87,287.64,0.44
2629833,Husavik,40,IS,1595203255,81,66.04,-17.34,281.15,3.6
1793899,Suicheng,1,CN,1595203255,82,33.9,117.93,297.13,2.45
3351663,Benguela,0,AO,1595203255,61,-12.58,13.41,293.4,1.78
3671519,Puerto Carreño,40,CO,1595203181,88,6.19,-67.49,299.15,2.21
4781708,Richmond,1,US,1595202612,52,37.55,-77.46,308.71,0.95
2510725,Tacoronte,0,ES,1595203255,40,28.48,-16.41,296.48,6.2
1633034,Palu,60,ID,1595203178,77,-0.89,119.87,299.68,1.02
3670218,San Andrés,40,CO,1595203256,74,12.58,-81.7,303.15,5.7
6050066,La Ronge,75,CA,1595203216,72,55.1,-105.28,292.15,3.1
72181,Marzuq,23,YE,1595203118,47,14.4,46.47,298.65,0.89
3361934,Saldanha,0,ZA,1595203114,87,-33.01,17.94,282.15,2.1
3423146,Ilulissat,85,GL,1595203179,46,69.22,-51.1,285.15,1.0
2426370,Umm Hājar,76,TD,1595203221,64,13.3,19.7,299.62,7.01
5920288,Charlottetown,75,CA,1595203253,65,46.24,-63.13,298.15,4.6
2514651,Los Llanos de Aridane,0,ES,1595203187,83,28.66,-17.92,297.59,7.2
3347019,Mossamedes,0,AO,1595203179,70,-15.2,12.15,292.6,2.36
2724231,Avesta,96,SE,1595203256,85,60.15,16.17,290.37,1.95
1493467,Rubtsovsk,52,RU,1595203257,82,51.5,81.25,288.98,4.0
1260135,Pāthardi,100,IN,1595203257,85,19.17,75.18,297.8,3.1
964712,Plettenberg Bay,0,ZA,1595203257,62,-34.05,23.37,287.21,1.58
3471451,Arraial do Cabo,0,BR,1595202918,85,-22.97,-42.03,294.79,10.1
2068110,Kununurra,0,AU,1595203226,24,-15.77,128.73,293.15,0.5
3392126,Pilar,90,BR,1595203257,94,-9.6,-35.96,296.15,4.6
2013921,Ust-Kuyga,100,RU,1595203257,70,70.02,135.6,291.28,0.92
2063036,Port Lincoln,49,AU,1595203258,62,-34.73,135.87,285.88,2.82
1513087,Nurota,0,UZ,1595203258,23,40.56,65.69,298.15,2.1
2022773,Khandyga,7,RU,1595203258,61,62.67,135.6,300.82,1.4
3899695,Ancud,20,CL,1595203106,100,-41.87,-73.82,282.59,2.6
3445594,Valente,14,BR,1595203258,96,-11.41,-39.46,291.19,3.43
1490256,Talnakh,87,RU,1595203246,76,69.49,88.4,283.15,7.0
3463174,Formiga,0,BR,1595203258,61,-20.46,-45.43,288.14,3.2
2177069,Ballina,0,AU,1595203136,59,-28.87,153.57,291.48,3.6
1488414,Urengoy,100,RU,1595203258,82,65.97,78.37,284.91,6.77
2155415,New Norfolk,69,AU,1595202910,82,-42.78,147.06,280.93,3.13
3571913,Marsh Harbour,4,BS,1595203160,79,26.54,-77.06,301.59,6.73
2630299,Hofn,59,IS,1595203181,62,64.25,-15.21,285.56,2.35
2194098,Ahipara,66,NZ,1595203188,77,-35.17,173.17,290.41,1.96
3839307,Rawson,100,AR,1595203196,81,-43.3,-65.1,280.84,5.04
1529484,Kumul,79,CN,1595203115,17,42.8,93.45,303.87,3.62
934479,Grand Gaube,47,MU,1595203214,73,-20.01,57.66,292.59,3.58
3380290,Sinnamary,87,GF,1595203178,82,5.38,-52.95,299.21,4.09
2381972,Adrar,29,MR,1595202815,22,20.5,-10.07,307.95,2.56
1786855,Yatou,86,CN,1595203260,85,37.15,122.38,296.07,4.85
6121621,Revelstoke,40,CA,1595203260,72,50.98,-118.2,292.15,1.0
1849831,Toyooka,75,JP,1595203260,78,35.53,134.83,300.15,1.5
301539,Şarkîkaraağaç,0,TR,1595203260,59,38.08,31.37,292.81,1.03
3932145,Pisco,20,PE,1595203111,77,-13.7,-76.22,290.15,6.7
3461425,Ilhabela,3,BR,1595203134,80,-23.78,-45.36,292.72,1.31
487928,Novikovo,54,RU,1595203260,86,51.15,37.89,287.94,1.19
2209055,Waddān,0,LY,1595203244,56,29.16,16.14,298.0,5.17
3883457,Lebu,4,CL,1595203110,89,-37.62,-73.65,283.9,5.7
780687,Berlevåg,100,NO,1595203261,87,70.86,29.09,284.39,3.37
212730,Kisangani,100,CD,1595203261,71,0.52,25.2,295.69,0.22
2122104,Petropavlovsk-Kamchatskiy,40,RU,1595203102,59,53.05,158.65,292.15,2.0
1644932,Ende,56,ID,1595203261,72,-8.84,121.66,298.26,1.55
2019135,Nizhniy Kuranakh,100,RU,1595203261,79,58.84,125.49,294.44,1.56
2304548,Anloga,75,GH,1595203262,94,5.79,0.9,297.15,4.6
1861416,Ishigaki,75,JP,1595203262,84,24.34,124.16,303.15,5.1
2121025,Srednekolymsk,0,RU,1595203194,37,67.45,153.68,297.33,5.6
2381334,Atar,77,MR,1595203262,30,20.52,-13.05,307.99,7.06
5919915,Chapleau,40,CA,1595203262,64,47.84,-83.4,294.15,5.7
1062553,Mahanoro,45,MG,1595203262,82,-19.9,48.8,290.12,3.25
1705441,Lubao,75,PH,1595203262,83,14.92,120.55,302.59,2.1
2610343,Vestmanna,98,FO,1595203240,87,62.16,-7.17,283.15,4.1
4946620,Palmer,75,US,1595203158,43,42.16,-72.33,305.15,4.1
3374210,São Filipe,82,CV,1595203117,83,14.9,-24.5,298.2,3.53
577384,Bereza,0,RU,1595203263,82,53.52,50.14,290.15,2.0
3840300,Presidencia Roque Sáenz Peña,74,AR,1595203263,50,-26.79,-60.44,297.83,3.44
1242110,Kalmunai,94,LK,1595203263,79,7.42,81.82,299.92,2.3
3451138,Rio Grande,94,BR,1595202989,81,-32.03,-52.1,293.71,4.09
3985168,San Patricio,40,MX,1595203108,74,19.22,-104.7,304.15,5.1
1856392,Muroto-misakicho,75,JP,1595203263,78,33.28,134.15,300.15,2.1
3672123,Pital,91,CO,1595203263,74,2.27,-75.8,294.1,2.32
4034551,Faanui,67,PF,1595203193,83,-16.48,-151.75,298.26,9.1
1263752,Māngrol,98,IN,1595203263,81,21.12,70.12,301.72,6.93
779622,Havøysund,75,NO,1595203264,81,71.0,24.66,285.15,2.6
1735106,George Town,20,MY,1595202928,94,5.41,100.34,299.15,1.0
2260009,Ewo,99,CG,1595203264,80,-0.87,14.82,297.05,1.57
118704,Rāvar,0,IR,1595203264,21,31.27,56.81,295.03,0.34
962367,Richards Bay,0,ZA,1595203264,84,-28.78,32.04,287.39,2.26
1491230,Sovetskiy,6,RU,1595203205,78,61.36,63.58,285.52,4.96
5915327,Cap-aux-Meules,5,CA,1595203264,73,47.38,-61.86,295.15,3.1
1849519,Tsuyama,75,JP,1595203255,88,35.05,134.0,303.15,1.0
2037252,Genhe,87,CN,1595203265,83,50.78,121.52,286.58,2.2
4513583,Hamilton,1,US,1595203114,88,39.18,-84.53,298.15,4.82
3155152,Gravdal,85,NO,1595203232,86,68.12,13.5,285.57,4.82
4033557,Tautira,75,PF,1595203171,61,-17.73,-149.15,301.15,2.6
1629001,Samarinda,38,ID,1595203265,95,-0.5,117.15,298.08,1.37
3639898,Guatire,61,VE,1595203265,69,10.48,-66.54,298.15,0.45
784024,Zaječar,82,RS,1595203266,98,43.9,22.26,286.48,1.71
1488903,Turukhansk,100,RU,1595202622,63,65.82,87.98,287.5,2.75
5219585,Williamsport,1,US,1595203236,54,41.24,-77.0,302.15,2.6
3466165,Cidreira,56,BR,1595203093,80,-30.18,-50.21,292.14,3.92
2126199,Cherskiy,0,RU,1595203074,40,68.75,161.3,295.56,2.15
172515,Abu Samrah,0,SY,1595203266,44,35.3,37.18,294.79,0.83
5973108,Hearst,69,CA,1595203266,92,49.68,-83.67,291.15,4.67
1861280,Itoman,20,JP,1595203266,74,26.12,127.67,304.15,3.6
5983720,Iqaluit,90,CA,1595203197,100,63.75,-68.51,278.15,3.6
5666176,Miles City,1,US,1595203253,23,46.41,-105.84,302.15,5.1
2018735,Nyurba,100,RU,1595203267,97,63.28,118.33,287.05,4.7
80509,Al Bardīyah,0,LY,1595203267,87,31.76,25.09,295.78,5.01
3204121,Biograd na Moru,0,HR,1595203267,87,43.94,15.45,292.04,1.0
3582228,Stann Creek Town,20,BZ,1595203267,74,16.97,-88.23,304.15,38.1
338345,Edd,99,ER,1595203267,53,13.93,41.69,306.17,1.9
3393536,Olinda,90,BR,1595203224,83,-8.01,-34.86,298.15,5.1
5134295,Rome,1,US,1595203177,54,43.21,-75.46,302.15,4.1
1282256,Hithadhoo,100,MV,1595203170,78,-0.6,73.08,301.76,7.23
5354943,Half Moon Bay,90,US,1595203197,82,37.46,-122.43,298.15,2.6
2013727,Vanavara,10,RU,1595203266,78,60.34,102.28,284.93,1.0
3931656,Pucara,59,PE,1595203268,28,-15.98,-71.46,287.15,1.5
3186423,Živinice,20,BA,1595203268,93,44.45,18.65,288.15,0.5
1273473,Dariba,100,IN,1595203268,79,24.95,74.13,300.06,3.31
2426240,Pala,98,TD,1595203268,95,9.36,14.9,295.28,2.1
3938415,Ilo,79,PE,1595203268,79,-17.64,-71.34,287.89,2.41
2521710,Antequera,0,ES,1595203269,94,37.02,-4.56,297.59,2.6
1526041,Atasū,42,KZ,1595203269,51,48.68,71.64,293.22,4.49
296852,Erzin,0,TR,1595203269,80,36.96,36.2,299.26,0.76
3461370,Imbituba,0,BR,1595203269,82,-28.24,-48.67,293.15,4.6
965289,Polokwane,0,ZA,1595203269,52,-23.9,29.47,278.15,1.92
3576994,Cockburn Town,31,TC,1595203189,74,21.46,-71.14,301.78,9.66
2122090,Pevek,0,RU,1595203000,58,69.7,170.31,281.62,2.36
701792,Markivka,0,UA,1595203270,79,49.52,39.57,288.85,2.34
5895424,Bay Roberts,35,CA,1595203270,55,47.6,-53.26,290.93,4.17
7117100,Vila,0,PT,1595203073,86,42.03,-8.16,292.59,1.53
134721,Fasa,0,IR,1595203270,18,28.94,53.65,300.15,2.1
4047434,Russell,1,US,1595203180,63,32.35,-85.2,309.15,1.5
1181611,Chaman,0,PK,1595203270,21,30.92,66.45,295.91,1.76
4944903,Nantucket,90,US,1595203151,94,41.28,-70.1,294.26,4.1
1511997,Aktash,25,RU,1595203270,77,50.3,87.73,285.22,0.34
3466750,Cassilândia,0,BR,1595203271,44,-19.11,-51.73,292.87,2.58
1174451,Keti Bandar,91,PK,1595203251,78,24.14,67.45,303.14,9.14
1651103,Atambua,4,ID,1595203271,64,-9.11,124.89,296.41,1.8
58933,Garoowe,92,SO,1595203271,65,8.41,48.48,296.94,9.13
1283285,Jumla,97,NP,1595202899,69,29.27,82.18,289.85,0.85
5703673,Elko,1,US,1595203271,9,41.0,-115.5,309.15,7.7
2314705,Kikwit,4,CD,1595203271,36,-5.04,18.82,295.24,1.06
3695466,La Unión,0,PE,1595203272,70,-5.4,-80.75,292.29,7.95
5847411,Kahului,20,US,1595203169,62,20.89,-156.47,303.15,13.9
3988265,Sahuaripa,28,MX,1595203241,31,29.05,-109.23,309.5,2.99
86049,Jalu,30,LY,1595203205,41,29.03,21.55,299.67,5.47
5952554,Sturgeon Falls,90,CA,1595203272,88,46.36,-79.93,297.04,6.7
2145214,Victoria Point,0,AU,1595203272,65,-27.58,153.3,292.04,2.24
2152659,Port Macquarie,4,AU,1595203220,85,-31.43,152.92,286.48,3.2
554830,Izhma,0,RU,1595203272,90,65.01,53.91,283.61,1.7
4032369,Pangai,75,TO,1595203272,88,-19.8,-174.35,295.15,7.2
175555,Nakonde,0,ZM,1595203273,86,-9.34,32.74,284.51,5.15
3444201,Puerto Quijarro,0,BO,1595203273,42,-17.78,-57.77,298.39,0.84
3402591,Castanhal,40,BR,1595203273,78,-1.29,-47.93,301.15,3.6
923058,Kambove,0,CD,1595203273,74,-10.88,26.6,282.84,2.8
2020824,Lermontovka,100,RU,1595203273,62,47.15,134.34,297.56,1.96
2129868,Iwanai,99,JP,1595203273,68,42.97,140.51,298.25,1.4
2090990,Mendi,2,PG,1595203273,59,-6.18,143.65,292.8,0.88
5478673,Meadow Lake,40,US,1595203226,12,34.8,-106.54,309.26,3.6
5572400,Susanville,1,US,1595203035,7,40.42,-120.65,309.15,5.1
5364271,Laguna,1,US,1595202813,31,38.42,-121.42,306.48,6.2
98182,Baghdad,0,IQ,1595203230,23,33.34,44.4,303.15,4.1
3466980,Caravelas,94,BR,1595203102,85,-17.71,-39.25,295.17,3.41
2191562,Dunedin,72,NZ,1595202999,72,-45.87,170.5,281.48,1.79
2294915,Takoradze,6,GH,1595203191,92,4.88,-1.76,296.93,3.18
3669218,San Onofre,79,CO,1595203274,87,9.74,-75.53,300.04,2.54
2216645,Hūn,0,LY,1595203181,57,29.13,15.95,298.09,2.44
3146487,Raudeberg,43,NO,1595203274,81,61.99,5.14,285.15,3.1
3598787,Champerico,90,GT,1595203275,94,14.3,-91.92,298.15,3.1
5859699,College,75,US,1595203164,52,64.86,-147.8,295.37,1.5
1632694,Pangkalanbuun,37,ID,1595203180,95,-2.68,111.62,297.69,1.08
1636308,Manokwari,73,ID,1595203275,66,-0.87,134.08,301.93,3.09
5866063,Kenai,90,US,1595203227,82,60.55,-151.26,290.15,6.2
4477525,Lumberton,1,US,1595203275,59,34.62,-79.01,306.15,2.1
2738381,Lata,0,PT,1595203189,82,40.16,-8.33,292.04,1.09
5850554,Makakilo City,75,US,1595203254,52,21.35,-158.09,305.15,4.6
359792,Aswān,24,EG,1595203101,17,24.09,32.91,303.9,4.25
5594956,Hailey,5,US,1595203248,16,43.52,-114.32,303.15,5.1
2338106,Ikot Ekpene,99,NG,1595203276,97,5.18,7.71,295.29,2.04
4034188,Moerai,93,PF,1595203276,66,-22.43,-151.33,294.12,6.76
2138555,Poum,39,NC,1595203089,65,-20.23,164.02,295.33,5.78
1337607,Kudahuvadhoo,100,MV,1595203276,78,2.67,72.89,301.26,9.19
576093,Blagoyevo,0,RU,1595203276,87,63.37,47.92,283.89,1.73
1637001,Biak,64,ID,1595203276,78,-0.91,122.88,299.29,3.57
1576633,Lang Son,98,VN,1595203276,82,21.83,106.73,300.26,2.49
1714733,Dingle,54,PH,1595203097,79,11.0,122.67,300.89,1.75
1272140,Dwārka,52,IN,1595203174,80,22.24,68.97,302.16,8.46
1504081,Kaz,40,RU,1595203277,71,52.91,87.31,288.81,1.27
2276492,Harper,91,LR,1595203165,89,4.38,-7.72,297.51,4.21
5870133,Nome,75,US,1595202947,54,64.5,-165.41,288.15,3.6
3141667,Roald,9,NO,1595203223,81,62.58,6.13,285.15,3.6
1835848,Seoul,90,KR,1595203060,94,37.57,126.98,298.15,3.1
5903535,Blairmore,90,CA,1595203184,82,49.6,-114.44,297.15,3.6
2303611,Esim,42,GH,1595203277,92,4.87,-2.24,296.99,2.94
2065594,Mount Isa,52,AU,1595203258,14,-20.73,139.5,293.15,3.1
2173323,Bundaberg,0,AU,1595203239,59,-24.85,152.35,291.15,1.5
3395981,Maceió,90,BR,1595203065,94,-9.67,-35.74,296.15,4.6
4763231,Harrisonburg,1,US,1595203278,70,38.45,-78.87,306.48,1.93
3402648,Carutapera,87,BR,1595203247,87,-1.2,-46.02,297.46,2.71
2090021,Namatanai,1,PG,1595203198,60,-3.67,152.43,302.72,2.78
2374583,Bubaque,100,GW,1595203227,83,11.28,-15.83,299.83,7.59
2396518,Port-Gentil,20,GA,1595203278,88,-0.72,8.78,297.15,5.37
551638,Kayasula,0,RU,1595203278,62,44.33,45.0,297.48,2.5
314967,Fethiye,0,TR,1595203232,94,36.62,29.12,294.15,1.0
563708,Dzerzhinsk,75,RU,1595203279,100,56.24,43.46,289.26,2.0
2092164,Lorengau,80,PG,1595203279,68,-2.02,147.27,302.38,4.62
3372760,Praia da Vitória,75,PT,1595203279,73,38.73,-27.07,294.15,2.68
2507480,Algiers,0,DZ,1595203279,88,36.75,3.04,292.15,1.5
1277297,Banihāl,26,IN,1595203279,58,33.42,75.2,291.1,1.25
3860443,Comodoro Rivadavia,90,AR,1595202983,87,-45.87,-67.5,279.15,4.1
763166,Trojan,0,PL,1595203279,100,53.79,20.24,290.93,2.24
1738050,Marabu,20,MY,1595203162,94,4.41,114.01,298.15,2.1
3628473,San Cristobal,20,VE,1595202814,43,7.77,-72.22,306.15,5.1
5557293,Sitka,90,US,1595203168,93,57.05,-135.33,287.15,2.6
2171099,Codrington,65,AU,1595203242,74,-38.27,141.97,284.45,6.92
1788852,Xining,97,CN,1595203027,52,36.62,101.77,287.18,1.07
5551752,Arizona,84,US,1595203280,21,34.5,-111.5,307.59,1.34
1513491,Yangi Marg`ilon,16,UZ,1595203280,36,40.43,71.72,297.15,4.1
543508,Kovdor,50,RU,1595203280,81,67.57,30.48,287.49,2.4
3567995,Bahía Honda,76,CU,1595203280,79,22.9,-83.16,300.78,3.04
5742974,North Bend,1,US,1595203281,77,43.41,-124.22,298.71,10.8
2421273,Faranah,100,GN,1595203281,96,10.04,-10.74,294.17,3.61
3381041,Mana,88,GF,1595203281,83,5.66,-53.78,299.29,4.25
164947,Salamiyah,0,SY,1595203281,42,35.01,37.05,294.36,0.8
3354071,Oranjemund,0,NA,1595203281,36,-28.55,16.43,289.9,2.44
1337605,Mahibadhoo,100,MV,1595203282,76,3.78,72.97,301.19,11.99
2171766,Charlestown,12,AU,1595203222,55,-32.95,151.67,289.26,3.44
933995,Souillac,40,MU,1595203107,88,-20.52,57.52,292.15,2.6
964406,Port Shepstone,9,ZA,1595203186,80,-30.74,30.45,287.97,3.14
3359638,Walvis Bay,0,NA,1595203109,18,-22.96,14.51,295.37,5.7
3418910,Upernavik,59,GL,1595203174,54,72.79,-56.15,282.61,3.42
3430443,Necochea,77,AR,1595203215,95,-38.55,-58.74,284.26,1.79
2738785,Guarda,0,PT,1595203256,82,40.54,-7.27,292.04,0.83
1278985,Alappuzha,91,IN,1595203282,88,9.49,76.33,299.2,1.46
541116,Kresttsy,100,RU,1595203283,93,58.25,32.52,287.46,0.99
2643044,Margate,35,GB,1595203179,67,51.38,1.39,288.71,1.34
2192362,Christchurch,19,NZ,1595203163,82,-43.53,172.63,287.04,4.6
6542001,Bari,0,IT,1595203283,82,41.12,16.85,291.48,2.6
653272,Kemijärvi,85,FI,1595203283,85,66.71,27.43,286.44,2.86
4920986,Griffith,1,US,1595203283,61,41.53,-87.42,301.48,4.6
2015852,Svetlaya,99,RU,1595203283,75,46.54,138.33,291.41,1.17
2057087,Kupang,20,ID,1595203284,73,-10.17,123.58,298.15,6.2
3421982,Maniitsoq,63,GL,1595203200,79,65.42,-52.9,283.53,0.82
1809062,Haimen,20,CN,1595203284,83,23.19,116.61,302.15,1.0
1809263,Guozhen,16,CN,1595203284,52,34.37,107.36,297.68,0.88
3675504,Manaure,36,CO,1595203261,69,11.78,-72.44,302.53,7.62
1503527,Khovu-Aksy,0,RU,1595203284,62,51.13,93.6,289.13,0.57
3422683,Kangaatsiaq,77,GL,1595203284,62,68.31,-53.46,284.04,4.93
5418104,Cortez,1,US,1595203285,14,37.35,-108.59,306.15,5.7
1785018,Zhangzhou,100,CN,1595203285,74,24.51,117.66,303.15,3.0
3868626,Valparaíso,75,CL,1595203242,93,-33.04,-71.63,286.15,2.1
1783873,Zhumadian,32,CN,1595203285,74,32.98,114.03,298.0,1.1
1273708,Dāhānu,85,IN,1595203285,85,19.97,72.73,300.58,3.61
2636638,Stromness,13,GB,1595203126,93,58.97,-3.3,283.71,3.6
299582,Tatvan,0,TR,1595203285,26,38.51,42.28,291.77,0.56
3691954,Sechura,0,PE,1595203285,76,-5.56,-80.82,291.21,7.37
1296736,Shwebo,100,MM,1595203285,88,22.57,95.7,298.44,4.39
1568770,Quang Ngai,94,VN,1595203224,74,15.12,108.8,301.12,2.01
3054612,Bugac,40,HU,1595203286,100,46.69,19.68,289.26,1.62
6255012,Flinders,0,AU,1595203133,51,-34.58,150.86,287.04,3.58
3500957,La Romana,40,DO,1595203190,70,18.43,-68.97,302.15,4.6
3445026,Vila Velha,25,BR,1595203219,88,-20.33,-40.29,294.15,1.5
8079926,Labuhan,12,ID,1595203283,83,-6.88,112.21,298.03,4.01
3388847,São Félix do Xingu,9,BR,1595203129,53,-6.64,-51.99,297.24,1.31
3354077,Opuwo,0,NA,1595203286,43,-18.06,13.84,284.6,4.25
2018930,Novokizhinginsk,19,RU,1595203286,53,51.61,109.59,286.1,5.74
2174444,Bowen,90,AU,1595203277,93,-20.02,148.23,296.48,2.1
293842,Kiryat Gat,0,IL,1595203099,68,31.61,34.76,298.71,0.36
4568570,Vieques,40,PR,1595203287,70,18.43,-65.83,302.15,6.2
4480219,Morganton,1,US,1595203287,73,35.75,-81.68,299.82,1.22
2214432,Nālūt,0,LY,1595203286,53,30.33,10.85,297.57,9.33
1262574,Mūl,99,IN,1595203287,87,20.07,79.67,299.56,2.04
3452711,Porto Nacional,1,BR,1595203287,47,-10.71,-48.42,298.15,2.6
2022572,Khatanga,98,RU,1595203168,77,71.97,102.5,284.14,1.2
6620339,Karratha,1,AU,1595203282,65,-20.74,116.85,290.39,7.24
3919998,Cobija,36,BO,1595203287,57,-11.03,-68.77,298.55,0.88
1806840,Huilong,100,CN,1595203288,86,31.81,121.66,300.37,1.48
1265242,Lakhīmpur,100,IN,1595203288,91,27.95,80.77,299.08,4.97
1516589,Zhezkazgan,48,KZ,1595203167,42,47.8,67.71,297.34,4.19
702073,Malokakhovka,0,UA,1595203288,59,46.78,33.45,294.51,3.24
5972291,Havre-St-Pierre,1,CA,1595203288,73,50.23,-63.6,294.15,2.6
2662149,Ystad,95,SE,1595203288,88,55.43,13.82,291.15,1.0
1058532,Moramanga,89,MG,1595203288,92,-18.93,48.2,284.78,3.03
589115,Kaerepere,93,EE,1595203288,98,58.96,24.84,286.48,1.0
2177254,Bagotville,0,AU,1595203289,59,-28.98,153.42,291.48,3.6
4402245,Ozark,25,US,1595203289,49,37.02,-93.21,305.37,1.49
2127202,Anadyr,20,RU,1595203289,62,64.75,177.48,285.15,4.0
2409914,Bonthe,100,SL,1595203266,88,7.53,-12.51,297.7,4.0
2318921,Wukari,61,NG,1595203289,94,7.85,9.78,295.33,3.46
3531368,Celestún,31,MX,1595203174,73,20.87,-90.4,302.09,5.43
5278422,West Bend,40,US,1595203289,36,43.43,-88.18,300.15,6.2
217745,Bumba,100,CD,1595203290,92,2.18,22.47,294.02,0.52
2240449,Luanda,75,AO,1595202706,88,-8.84,13.23,295.15,3.6
3104324,Zaragoza,20,ES,1595203086,61,41.66,-0.88,299.82,4.6
2120048,Ust-Nera,100,RU,1595203290,62,64.57,143.2,289.58,2.04
5554072,Juneau,90,US,1595203265,82,58.3,-134.42,287.59,6.7
2012956,Yerbogachën,63,RU,1595203194,72,61.28,108.01,287.14,0.94
467479,Yenotayevka,7,RU,1595203290,41,47.25,47.03,298.84,5.27
1160571,Khāsh,0,IR,1595203169,23,28.22,61.22,294.71,1.86
1681217,Tubigan,94,PH,1595203290,84,8.53,124.31,298.71,1.34
4720067,Lavaca,1,US,1595203290,59,28.61,-96.63,306.15,6.2
2084442,Vanimo,26,PG,1595203237,68,-2.67,141.3,301.74,2.97
3385077,Conde,75,BR,1595203291,94,-7.26,-34.91,297.15,4.1
3354876,Okakarara,0,NA,1595203291,58,-20.58,17.43,279.39,2.49
3980627,Valle de Allende,26,MX,1595203291,33,26.93,-105.4,301.86,5.93
1218612,Murgab,0,TM,1595203291,32,37.5,61.97,300.15,3.52
3385980,Tucumã,31,BR,1595203291,86,-0.18,-50.05,298.06,4.05
3874960,Port Montt,75,CL,1595203291,87,-41.47,-72.94,283.15,4.6
1806041,Jiaocheng,100,CN,1595203291,73,24.68,116.14,301.46,1.11
6316343,Alta Floresta,64,BR,1595203291,42,-9.88,-56.09,298.28,1.9
3036281,Auch,0,FR,1595203291,56,43.65,0.58,295.93,1.15
2137773,Vao,20,NC,1595203196,68,-22.67,167.48,293.91,6.34
3407762,Amapá,60,BR,1595203292,96,1.0,-52.0,295.23,0.73
1265053,Lar,100,IN,1595203292,92,26.2,83.97,299.8,4.55
1798537,Hanyang,47,CN,1595203292,80,32.14,105.51,295.19,0.81
3131500,Visnes,12,NO,1595203292,76,59.36,5.22,286.15,4.1
2013279,Vostok,99,RU,1595203292,47,46.49,135.88,297.73,1.62
4791259,Virginia Beach,75,US,1595203131,59,36.85,-75.98,307.04,2.1
2522325,Agüimes,0,ES,1595203189,30,27.91,-15.45,302.15,12.3
3981391,Tomatlán,1,MX,1595203293,66,19.93,-105.25,303.91,3.98
1519422,Semey,58,KZ,1595203293,48,50.41,80.23,292.15,3.0
5864145,Homer,90,US,1595203293,93,59.64,-151.55,287.59,1.5
2334008,Kontagora,71,NG,1595203293,98,10.4,5.47,294.41,1.86
610298,Beyneu,0,KZ,1595203293,24,45.32,55.2,302.29,6.02
4033356,Tiarei,75,PF,1595203243,61,-17.53,-149.33,301.15,2.6
3893629,Coquimbo,99,CL,1595203105,93,-29.95,-71.34,285.15,2.1
5392593,San Ramon,1,US,1595203293,44,37.78,-121.98,299.82,6.2
4013708,Ciudad Juárez,75,MX,1595203294,19,31.73,-106.48,310.15,0.52
4334734,Natchitoches,1,US,1595203294,50,31.77,-93.13,308.15,3.66
693284,Sokyryany,96,UA,1595203294,78,48.45,27.42,292.04,1.34
3353383,Rundu,0,NA,1595203294,49,-17.93,19.77,285.15,1.5
1812256,Dongsheng,0,CN,1595203106,30,39.82,109.98,295.96,6.43
2119283,Zyryanka,10,RU,1595203266,41,65.75,150.85,297.26,7.02
567589,Chupa,28,RU,1595203295,81,66.27,33.05,290.13,1.19
3520994,Puerto Escondido,40,MX,1595203295,70,15.85,-97.07,304.15,3.6
3381428,Iracoubo,99,GF,1595203295,81,5.48,-53.2,299.29,4.3
2179537,Wellington,30,NZ,1595203227,67,-41.29,174.78,287.59,3.1
2429296,Laï,100,TD,1595203295,94,9.4,16.3,295.96,1.87
3994863,Nombre de Dios,90,MX,1595203295,72,23.85,-104.23,292.15,4.6
2016307,Solnechnyy,98,RU,1595203295,66,50.72,136.63,298.63,1.64
1529660,Aksu,99,CN,1595203265,46,41.12,80.26,295.76,0.39
1862505,Hirara,20,JP,1595203228,79,24.8,125.28,303.15,4.6
3945985,Camaná,92,PE,1595203244,76,-16.62,-72.71,288.58,3.35
3893726,Constitución,66,CL,1595203117,87,-35.33,-72.42,284.72,3.53
3138076,Snåase,100,NO,1595203296,88,64.25,12.38,283.57,1.28
5592562,Emmett,0,US,1595203187,14,43.87,-116.5,305.93,2.24
2229267,Lolodorf,99,CM,1595203296,97,3.23,10.73,293.63,1.1
1487332,Verkhnyaya Inta,0,RU,1595203296,83,65.98,60.31,284.27,3.34
161616,Balkanabat,0,TM,1595203296,22,39.51,54.37,304.43,1.99
217834,Bukama,0,CD,1595203296,50,-9.2,25.85,288.16,1.21
3994535,Ocampo,96,MX,1595203296,79,21.65,-101.5,286.83,0.89
2181625,Te Anau,100,NZ,1595203279,90,-45.42,167.72,280.04,0.49
2145554,Ulladulla,0,AU,1595203204,50,-35.35,150.47,285.37,8.7
2021017,Kysyl-Syr,100,RU,1595203297,86,63.9,122.76,289.94,4.86
287832,Ibrā’,79,OM,1595203074,76,22.69,58.53,300.95,2.58
3608828,Iralaya,20,HN,1595203297,70,15.0,-83.23,304.15,4.1
3389822,Salinópolis,41,BR,1595203297,84,-0.61,-47.36,298.98,5.55
2134814,Sola,75,VU,1595203186,78,-13.88,167.55,301.15,3.1
2079582,Alyangula,0,AU,1595203297,100,-13.85,136.42,295.15,2.6
2176632,Bathurst,0,AU,1595203278,63,-33.42,149.58,279.26,1.34
1503856,Khabary,21,RU,1595203297,84,53.63,79.53,292.04,0.78
3404306,Cacimba de Dentro,0,BR,1595203298,96,-6.64,-35.79,292.47,5.36
6089245,Norman Wells,75,CA,1595203171,68,65.28,-126.83,291.15,3.6
64814,Bandarbeyla,76,SO,1595203113,63,9.49,50.81,299.56,10.28
1807119,Huangzhai,0,CN,1595203298,60,38.08,112.66,294.15,1.0
3924679,Vilhena,14,BR,1595203028,64,-12.74,-60.15,297.15,2.1
212902,Kindu,30,CD,1595203122,59,-2.95,25.95,293.35,0.36
110690,Abhā,75,SA,1595203298,31,18.22,42.51,296.15,12.9
6324729,Halifax,100,CA,1595203264,88,44.65,-63.57,292.59,3.82
3666475,Unguía,75,CO,1595203298,74,8.04,-77.09,303.15,0.63
1502422,Kosh-Agach,29,RU,1595203299,59,50.0,88.67,289.69,0.81
2344415,Duku,82,NG,1595203170,87,11.24,4.91,296.85,2.94
6096551,Pangnirtung,100,CA,1595203221,57,66.15,-65.71,287.03,0.95
1078553,Ampanihy,0,MG,1595203299,87,-24.7,44.75,287.83,3.79
1252795,Yanam,99,IN,1595203299,89,16.73,82.22,300.29,2.07
3440777,Rocha,96,UY,1595203178,92,-34.48,-54.33,291.29,1.74
3904906,Santa Cruz de la Sierra,20,BO,1595202665,69,-17.8,-63.17,298.15,5.1
1640660,Gondanglegi,0,ID,1595203300,82,-7.75,112.01,297.82,5.17
666007,Străoane,89,RO,1595203300,100,45.93,27.05,290.37,2.1
303798,Nizip,0,TR,1595203300,55,37.01,37.79,291.15,2.56
2521804,Altea,7,ES,1595203300,64,38.6,-0.05,298.15,2.35
1701054,Marawi,89,PH,1595203241,84,8.0,124.29,298.71,1.34
1610538,Kabin Buri,100,TH,1595203245,88,13.95,101.72,299.65,0.6
5710360,Winnemucca,1,US,1595203300,6,40.97,-117.74,311.15,6.2
3401845,Conceição do Araguaia,28,BR,1595203300,54,-8.26,-49.26,300.15,1.5
2270385,Camacha,40,PT,1595203301,83,33.08,-16.33,294.15,4.1
1257551,Samāstipur,100,IN,1595203301,93,25.85,85.78,299.6,3.6
3452440,Prata,0,BR,1595203301,51,-19.31,-48.92,292.11,3.26
3138532,Skotterud,99,NO,1595203301,100,59.98,12.13,288.15,1.0
156312,Kwakoa,11,TZ,1595203301,83,-3.77,37.72,289.74,1.72
3398428,Humberto de Campos,42,BR,1595203196,79,-2.6,-43.46,297.66,2.79
